-9.629711877885376303e-01
9.124430360034763154e-02
4.010860293008147170e-01
6.632898593891876082e-01
-4.133811243286080739e-01
-2.425219903021798018e-01
-1.672733293349908390e-01
5.194726110129288532e-01
-3.000532043953259009e-01
6.031232345528172445e-01
-8.403480644159468937e-01
-9.483012203869201073e-02
8.901005044592238402e-01
-1.527692254799628557e-01
9.007503036566648635e-01
-2.954973875902404679e-01
6.476641879905096211e-01
5.917362029536350487e-01
6.063754811338624151e-01
-5.658467810215166427e-01
4.351832001049771304e-01
2.633719378630985375e-01
-6.226736936366750186e-01
-8.623668992948538836e-01
-5.618788076837126777e-01
6.995111299073690780e-01
-7.635900630558780655e-01
-5.370602266532815694e-01
-8.482886218522407429e-01
-4.242836203496538339e-01
2.842667484106229381e-01
-4.159175519428452983e-01
-6.979587130793920569e-01
9.731487453282436917e-01
-7.896245581724723461e-01
-8.202235138464699649e-01
-1.002744647228492880e-03
5.992420129164754972e-01
7.975052270177260816e-01
9.706302120991774363e-01
-6.811679568961575004e-01
-2.262161961507158647e-01
1.181770078878132679e-01
1.569767221466773499e-01
4.666173150779273637e-01
-2.524867001687427503e-01
5.942372142992786710e-01
1.283036783948168225e-01
7.914449423284408702e-02
7.279122081407694012e-01
5.865415071949753312e-02
1.724688872104847004e-01
-3.636358367793444124e-01
-2.786398657413839963e-01
7.864981597809561631e-01
-2.825177981619744205e-01
9.100579354359754625e-01
-2.569531219025944502e-02
-4.889289424280152119e-02
-6.227492378989007982e-01
-2.802489947718322938e-01
-4.673606888910966095e-01
4.892105676721938412e-01
-8.509882110855504500e-01
1.949439638638974515e-01
3.242879379803578210e-01
-5.849269958736720287e-01
8.135629131294914718e-01
-4.688250563519149594e-01
7.561321808741203743e-01
-1.022397061868456358e-01
-8.598964824609822699e-01
9.139708585915278238e-01
-3.347277211499075644e-01
6.569033574156586397e-01
4.133506630745313881e-01
4.386556684834508335e-01
9.738379181363763237e-01
3.596013775391766476e-01
4.728136704058667483e-01
5.876746130156607073e-02
-6.399974646115553778e-01
-7.610540316176672704e-01
-2.135088673814706794e-01
-6.879823168510645903e-01
7.344484743266597171e-01
2.766878360055493591e-01
2.709695397819777973e-01
6.261179934587330909e-01
5.206941256699659792e-01
4.714455772576051640e-01
-9.242383488060241792e-01
5.996568604436718353e-01
8.627035558039339858e-01
-4.589991419424990227e-01
-3.056099599900463648e-01
1.782006753173523972e-01
-9.393758259746005645e-01
8.092080130173735508e-01
-4.969698302263954037e-01
-8.368931754097670428e-01
-6.689863379895768514e-01
-7.744854090079285047e-01
-5.617312425040401624e-01
-8.896929488667639774e-01
2.064994425257520305e-01
7.783914578128672268e-01
4.245995838251863663e-01
8.392268828371325373e-01
4.918499795710895572e-01
-1.279578802226508660e-01
6.310228795579195804e-01
-8.171020294675774842e-01
-1.245458208187257831e-01
-4.553050451999729464e-01
-6.312210411016274669e-01
-6.755267547690539942e-01
-6.023426270291492024e-01
4.398412618047076172e-01
-7.375445580869770534e-01
-6.874724077626077623e-01
-9.110177397074044059e-01
9.841350619389268584e-01
-2.902608407303266524e-01
-9.859012890597544931e-01
3.854254569230319838e-02
-4.548919961189841210e-01
-6.777484053476050541e-01
5.876805815914161180e-01
5.734146405668187896e-01
-1.738657251509694301e-01
-9.228227264980553013e-01
2.750719146363909129e-01
4.443685508678907325e-03
8.463667718645491167e-01
9.186634860089992749e-01
6.417781172453091987e-01
-9.335957852904519516e-01
-7.521522123146788807e-01
-3.071218752924518292e-01
9.843578289093983802e-01
3.971526871464921005e-01
-7.236255688332167146e-01
8.755401132957281174e-01
3.658183557638405858e-01
-6.698269269336238896e-01
-6.608417194509905723e-01
-8.357557244127400420e-01
-4.327105436141398531e-01
2.589048253260346488e-01
5.692418605609892435e-01
4.051873860132551020e-01
-8.138776641348828278e-01
2.193086661066168119e-02
-3.572443765644979230e-01
-9.737463956526373199e-01
-1.390531615072645444e-01
9.925713947657044400e-02
9.513389781113383847e-01
-5.745114207603874146e-01
-8.616485351353970756e-01
1.390053916240214793e-01
9.161863868593511651e-01
-7.227283167999771774e-01
-6.295525111093562831e-01
-9.988814068666274082e-01
-3.392975686875041585e-01
6.369593324243907340e-01
5.168311499697475497e-01
-7.804941994799454719e-01
5.465974635073604926e-01
-4.559965625976905024e-01
-4.010008158542512913e-01
5.463518378635872086e-01
6.355100356762197755e-01
5.537029726140025865e-01
3.179543348876954223e-01
-7.775921663745666290e-01
2.185445389240510128e-01
-8.277706406411529105e-01
3.458004479833158840e-01
-1.457015221163813212e-01
9.115981195956555094e-01
6.180095922336175107e-01
-5.360344091301256775e-01
-2.742079106775745512e-01
7.874869837007254514e-01
4.499216481661851841e-01
-2.810755316799040671e-02
-4.914140496496646193e-01
-8.365915602494320424e-01
-4.520161556108841516e-01
8.210000450825656326e-01
1.850211040474576407e-01
2.216480761475327910e-01
9.212038364532846302e-01
5.660271577328179760e-01
-6.237943195664770180e-01
-3.439014976651704192e-01
-5.790958642516077504e-01
6.607462046503600472e-01
-3.284456721248376621e-01
-9.057563586480275042e-01
-2.962561862949169011e-01
3.034696059296071446e-02
6.693082959218714656e-01
7.967560390441570384e-01
-1.104908410309166644e-01
-8.185424251999180445e-01
-2.034257245904631528e-01
-7.813671677311651020e-01
6.925021548172811681e-01
-8.643351953156976908e-01
-4.893900142580789314e-01
-1.484912592229832295e-01
3.547249122433520085e-01
-2.152690838462141265e-01
3.179932764438886394e-02
-6.245830301746368995e-01
7.517650009640293174e-01
7.779880164278267785e-01
4.422354885035335581e-01
5.238155285087868762e-01
9.467189623295293455e-01
7.406058069571763713e-01
5.406108040728392350e-01
4.683526775560340472e-01
8.094136061891239464e-01
3.196729033974889944e-01
6.735014956788605289e-01
7.064044657038213160e-01
-7.573418231755160157e-01
8.275828004614489419e-01
6.977049825453867093e-01
8.201801608765177942e-01
7.312412601093607467e-01
-7.974257594545151040e-01
-8.402279827773151410e-01
3.950122066274142085e-02
5.767364084262840418e-01
5.037682829065115442e-02
6.585449537938063980e-01
9.443973442357835868e-01
-1.775407311045997805e-01
-9.486508000270246210e-01
-7.506899177111641119e-01
-1.012407928912559818e-01
7.465800431296443218e-01
3.465894712486992102e-01
-4.340676412259434347e-01
-4.544255998067578961e-01
-8.044141430743105836e-01
-4.734467773077304376e-01
5.231985441436641793e-01
8.697676134970346862e-01
1.456099072443586273e-01
-2.071891324534347323e-01
8.039710189506663607e-01
9.966452514804478025e-01
6.429134074033864277e-01
-4.902257014824553671e-01
-1.754962911166519923e-01
-9.169221462292325153e-01
7.122978097027765632e-01
1.002067807160740287e-01
